(16777216, 0.521216)
(33554432, 0.847488)
(50331648, 1.168864)
(67108864, 1.492864)
(83886080, 1.822592)
(100663296, 2.151264)
(117440512, 2.468704)
(134217728, 2.790368)
(150994944, 3.123136)
(167772160, 3.441408)
(184549376, 3.777568)
(201326592, 4.106144)
(218103808, 4.417536)
(234881024, 4.745408)
(251658240, 5.076192)
(268435456, 5.405728)
(285212672, 5.730400)
(301989888, 6.063200)
(318767104, 6.393056)
(335544320, 6.719424)
(352321536, 6.889216)
(369098752, 7.351264)
(385875968, 7.697152)
(402653184, 8.007392)
(419430400, 8.335264)
(436207616, 9.202880)
(452984832, 8.798080)
(469762048, 9.105696)
(486539264, 9.658080)
(503316480, 9.916896)
(520093696, 10.295296)
(536870912, 10.436672)
(553648128, 10.980416)
(570425344, 11.258624)
(587202560, 11.595072)
(603979776, 11.703264)
(620756992, 12.033344)
(637534208, 12.372288)
(654311424, 12.672672)
(671088640, 13.020288)
(687865856, 13.485888)
(704643072, 13.654400)
(721420288, 13.959456)
(738197504, 14.310688)
(754974720, 14.612672)
(771751936, 14.928928)
(788529152, 15.250208)
(805306368, 15.575392)
(822083584, 15.865568)
(838860800, 16.290848)
(855638016, 16.503712)
(872415232, 16.825184)
(889192448, 17.159168)
(905969664, 17.485825)
(922746880, 17.788927)
(939524096, 18.103680)
(956301312, 18.426657)
(973078528, 18.721632)
(989855744, 19.054304)
(1006632960, 19.377855)
(1023410176, 19.707647)
(1040187392, 20.008415)
(1056964608, 20.369888)
(1073741824, 20.646368)
