(16777216, 0.432928)
(33554432, 0.662976)
(50331648, 0.899552)
(67108864, 1.126880)
(83886080, 1.364064)
(100663296, 1.599360)
(117440512, 1.877120)
(134217728, 2.073920)
(150994944, 2.299424)
(167772160, 2.542048)
(184549376, 2.782304)
(201326592, 3.027744)
(218103808, 3.257632)
(234881024, 3.511712)
(251658240, 3.720192)
(268435456, 3.943296)
(285212672, 4.182336)
(301989888, 23.285856)
(318767104, 4.714784)
(335544320, 4.940480)
(352321536, 5.144736)
(369098752, 5.369472)
(385875968, 5.615168)
(402653184, 5.842016)
(419430400, 6.080672)
(436207616, 6.372512)
(452984832, 6.549536)
(469762048, 6.791968)
(486539264, 6.994400)
(503316480, 7.257632)
(520093696, 7.456704)
(536870912, 7.729344)
(553648128, 7.995392)
(570425344, 8.195424)
(587202560, 8.454368)
(603979776, 8.666976)
(620756992, 26.107744)
(637534208, 9.156224)
(654311424, 9.382272)
(671088640, 9.620128)
(687865856, 9.854592)
(704643072, 10.041568)
(721420288, 10.319552)
(738197504, 10.560672)
(754974720, 10.784384)
(771751936, 11.050304)
(788529152, 11.251136)
(805306368, 11.458496)
(822083584, 11.699040)
(838860800, 11.936736)
(855638016, 12.164640)
(872415232, 12.410912)
(889192448, 12.670016)
(905969664, 12.892032)
(922746880, 13.127904)
(939524096, 13.329376)
(956301312, 13.561792)
(973078528, 13.822656)
(989855744, 14.032224)
(1006632960, 14.283968)
(1023410176, 14.515008)
(1040187392, 14.745792)
(1056964608, 14.969760)
(1073741824, 15.190784)
