(16777216, 0.474048)
(33554432, 0.756224)
(50331648, 1.044000)
(67108864, 1.311488)
(83886080, 14.338912)
(100663296, 1.874464)
(117440512, 2.151616)
(134217728, 2.431840)
(150994944, 2.670816)
(167772160, 2.851136)
(184549376, 3.004384)
(201326592, 3.311904)
(218103808, 3.834080)
(234881024, 4.136992)
(251658240, 3.981792)
(268435456, 4.687072)
(285212672, 4.529376)
(301989888, 4.795488)
(318767104, 5.032736)
(335544320, 5.344480)
(352321536, 5.587520)
(369098752, 6.358752)
(385875968, 6.645888)
(402653184, 6.353344)
(419430400, 7.241216)
(436207616, 6.914688)
(452984832, 7.834592)
(469762048, 8.110080)
(486539264, 7.626656)
(503316480, 7.894592)
(520093696, 8.193024)
(536870912, 8.530112)
(553648128, 8.794656)
(570425344, 9.108576)
(587202560, 9.279104)
(603979776, 17.819328)
(620756992, 9.835200)
(637534208, 10.087968)
(654311424, 10.313248)
(671088640, 10.540672)
(687865856, 10.958528)
(704643072, 11.060416)
(721420288, 11.351456)
(738197504, 11.586208)
(754974720, 11.827744)
(771751936, 12.082368)
(788529152, 12.403808)
(805306368, 12.621728)
(822083584, 12.857344)
(838860800, 13.145536)
(855638016, 13.464224)
(872415232, 13.733376)
(889192448, 13.987488)
(905969664, 14.202624)
(922746880, 14.470432)
(939524096, 14.753216)
(956301312, 15.001344)
(973078528, 15.254912)
(989855744, 15.533376)
(1006632960, 15.779232)
(1023410176, 16.025568)
(1040187392, 16.301697)
(1056964608, 16.576897)
(1073741824, 16.807840)
