(16777216, 0.462912)
(33554432, 0.716352)
(50331648, 0.966272)
(67108864, 1.314848)
(83886080, 2.862976)
(100663296, 1.746976)
(117440512, 2.001728)
(134217728, 2.281888)
(150994944, 2.514912)
(167772160, 2.856672)
(184549376, 3.031808)
(201326592, 3.296032)
(218103808, 3.643168)
(234881024, 3.845216)
(251658240, 4.096896)
(268435456, 4.378144)
(285212672, 4.656416)
(301989888, 4.910688)
(318767104, 13.090624)
(335544320, 5.422144)
(352321536, 5.703456)
(369098752, 5.691200)
(385875968, 6.212128)
(402653184, 6.463360)
(419430400, 6.474432)
(436207616, 6.975904)
(452984832, 7.242528)
(469762048, 7.497760)
(486539264, 7.397760)
(503316480, 7.661504)
(520093696, 7.903616)
(536870912, 8.578656)
(553648128, 8.392960)
(570425344, 8.667328)
(587202560, 8.938272)
(603979776, 9.155712)
(620756992, 9.417440)
(637534208, 9.658656)
(654311424, 9.898656)
(671088640, 10.181248)
(687865856, 10.421056)
(704643072, 10.633984)
(721420288, 10.950112)
(738197504, 11.133376)
(754974720, 11.373504)
(771751936, 11.623328)
(788529152, 11.889600)
(805306368, 12.147840)
(822083584, 12.409312)
(838860800, 12.649504)
(855638016, 12.875648)
(872415232, 13.134816)
(889192448, 13.403392)
(905969664, 13.652096)
(922746880, 13.883104)
(939524096, 14.141440)
(956301312, 14.390176)
(973078528, 14.623040)
(989855744, 14.882592)
(1006632960, 15.151232)
(1023410176, 15.370272)
(1040187392, 15.611008)
(1056964608, 15.851040)
(1073741824, 16.131647)
