(16777216, 0.645184)
(33554432, 4.336480)
(50331648, 1.509760)
(67108864, 1.971232)
(83886080, 2.379040)
(100663296, 2.823936)
(117440512, 3.236768)
(134217728, 3.673696)
(150994944, 4.148000)
(167772160, 4.571104)
(184549376, 5.073344)
(201326592, 5.440736)
(218103808, 5.428928)
(234881024, 5.830112)
(251658240, 6.238784)
(268435456, 6.664352)
(285212672, 7.057920)
(301989888, 7.462080)
(318767104, 7.868416)
(335544320, 8.256608)
(352321536, 8.668064)
(369098752, 9.070304)
(385875968, 9.469088)
(402653184, 9.867680)
(419430400, 10.530560)
(436207616, 10.717664)
(452984832, 11.976128)
(469762048, 12.399584)
(486539264, 12.856288)
(503316480, 12.316480)
(520093696, 12.726240)
(536870912, 14.139904)
(553648128, 14.235328)
(570425344, 15.017920)
(587202560, 14.328704)
(603979776, 14.740256)
(620756992, 16.309919)
(637534208, 15.536384)
(654311424, 15.940128)
(671088640, 16.363136)
(687865856, 16.805248)
(704643072, 17.205088)
(721420288, 17.613472)
(738197504, 18.052992)
(754974720, 18.416992)
(771751936, 18.856640)
(788529152, 19.221888)
(805306368, 19.625376)
(822083584, 20.037439)
(838860800, 20.467297)
(855638016, 20.849825)
(872415232, 21.266624)
(889192448, 21.644705)
(905969664, 22.057600)
(922746880, 22.332767)
(939524096, 22.758783)
(956301312, 23.142912)
(973078528, 23.574623)
(989855744, 23.939648)
(1006632960, 24.350431)
(1023410176, 24.796352)
(1040187392, 25.151072)
(1056964608, 25.559168)
(1073741824, 25.970943)
